###########################################################################################
# MOON N=1.0 CASE 1: SELF-COMPARE CRITERIA ACROSS RANDOM SEEDS -> CHECK PRUNING CONSISTENCY
###########################################################################################


+----------+-------+--------+-------+--------+
| spearman |  lrp  | taylor |  grad | weight |
+----------+-------+--------+-------+--------+
|   lrp    | 0.223 |        |       |        |
|  taylor  |       | 0.153  |       |        |
|   grad   |       |        | 0.210 |        |
|  weight  |       |        |       | 1.000  |
+----------+-------+--------+-------+--------+

+------------+-------+--------+-------+--------+
| kendalltau |  lrp  | taylor |  grad | weight |
+------------+-------+--------+-------+--------+
|    lrp     | 0.155 |        |       |        |
|   taylor   |       | 0.105  |       |        |
|    grad    |       |        | 0.144 |        |
|   weight   |       |        |       | 1.000  |
+------------+-------+--------+-------+--------+

+-----------+-------+--------+-------+--------+
| first-125 |  lrp  | taylor |  grad | weight |
+-----------+-------+--------+-------+--------+
|    lrp    | 0.824 |        |       |        |
|   taylor  |       | 0.409  |       |        |
|    grad   |       |        | 0.306 |        |
|   weight  |       |        |       | 1.000  |
+-----------+-------+--------+-------+--------+

+----------+-------+--------+-------+--------+
| last-125 |  lrp  | taylor |  grad | weight |
+----------+-------+--------+-------+--------+
|   lrp    | 0.714 |        |       |        |
|  taylor  |       | 0.517  |       |        |
|   grad   |       |        | 0.618 |        |
|  weight  |       |        |       | 1.000  |
+----------+-------+--------+-------+--------+

+-----------+-------+--------+-------+--------+
| first-250 |  lrp  | taylor |  grad | weight |
+-----------+-------+--------+-------+--------+
|    lrp    | 0.859 |        |       |        |
|   taylor  |       | 0.617  |       |        |
|    grad   |       |        | 0.590 |        |
|   weight  |       |        |       | 1.000  |
+-----------+-------+--------+-------+--------+

+----------+-------+--------+-------+--------+
| last-250 |  lrp  | taylor |  grad | weight |
+----------+-------+--------+-------+--------+
|   lrp    | 0.777 |        |       |        |
|  taylor  |       | 0.562  |       |        |
|   grad   |       |        | 0.722 |        |
|  weight  |       |        |       | 1.000  |
+----------+-------+--------+-------+--------+

+-----------+-------+--------+-------+--------+
| first-500 |  lrp  | taylor |  grad | weight |
+-----------+-------+--------+-------+--------+
|    lrp    | 0.738 |        |       |        |
|   taylor  |       | 0.798  |       |        |
|    grad   |       |        | 0.800 |        |
|   weight  |       |        |       | 1.000  |
+-----------+-------+--------+-------+--------+

+----------+-------+--------+-------+--------+
| last-500 |  lrp  | taylor |  grad | weight |
+----------+-------+--------+-------+--------+
|   lrp    | 0.846 |        |       |        |
|  taylor  |       | 0.654  |       |        |
|   grad   |       |        | 0.785 |        |
|  weight  |       |        |       | 1.000  |
+----------+-------+--------+-------+--------+

+------------+-------+--------+-------+--------+
| first-1000 |  lrp  | taylor |  grad | weight |
+------------+-------+--------+-------+--------+
|    lrp     | 0.849 |        |       |        |
|   taylor   |       | 0.809  |       |        |
|    grad    |       |        | 0.793 |        |
|   weight   |       |        |       | 1.000  |
+------------+-------+--------+-------+--------+

+-----------+-------+--------+-------+--------+
| last-1000 |  lrp  | taylor |  grad | weight |
+-----------+-------+--------+-------+--------+
|    lrp    | 0.907 |        |       |        |
|   taylor  |       | 0.760  |       |        |
|    grad   |       |        | 0.828 |        |
|   weight  |       |        |       | 1.000  |
+-----------+-------+--------+-------+--------+

##########################################################################################################
# MOON N=1.0 CASE 2: CROSS-COMPARE CRITERIA ACROSS ALL RANDOM SEEDS -> CHECK RELATIONSHIP BETWEEN CRITERIA
##########################################################################################################


+----------+--------+--------+--------+--------+
| spearman |  lrp   | taylor |  grad  | weight |
+----------+--------+--------+--------+--------+
|   lrp    | 1.000  | -0.086 | -0.088 | -0.234 |
|  taylor  | -0.086 | 1.000  | 0.133  | 0.157  |
|   grad   | -0.088 | 0.133  | 1.000  | 0.075  |
|  weight  | -0.234 | 0.157  | 0.075  | 1.000  |
+----------+--------+--------+--------+--------+

+------------+--------+--------+--------+--------+
| kendalltau |  lrp   | taylor |  grad  | weight |
+------------+--------+--------+--------+--------+
|    lrp     | 1.000  | -0.056 | -0.058 | -0.156 |
|   taylor   | -0.056 | 1.000  | 0.090  | 0.104  |
|    grad    | -0.058 | 0.090  | 1.000  | 0.050  |
|   weight   | -0.156 | 0.104  | 0.050  | 1.000  |
+------------+--------+--------+--------+--------+

+-----------+-------+--------+-------+--------+
| first-125 |  lrp  | taylor |  grad | weight |
+-----------+-------+--------+-------+--------+
|    lrp    | 1.000 | 0.000  | 0.000 | 0.000  |
|   taylor  | 0.000 | 1.000  | 0.213 | 0.111  |
|    grad   | 0.000 | 0.213  | 1.000 | 0.127  |
|   weight  | 0.000 | 0.111  | 0.127 | 1.000  |
+-----------+-------+--------+-------+--------+

+----------+-------+--------+-------+--------+
| last-125 |  lrp  | taylor |  grad | weight |
+----------+-------+--------+-------+--------+
|   lrp    | 1.000 | 0.266  | 0.151 | 0.015  |
|  taylor  | 0.266 | 1.000  | 0.363 | 0.083  |
|   grad   | 0.151 | 0.363  | 1.000 | 0.081  |
|  weight  | 0.015 | 0.083  | 0.081 | 1.000  |
+----------+-------+--------+-------+--------+

+-----------+-------+--------+-------+--------+
| first-250 |  lrp  | taylor |  grad | weight |
+-----------+-------+--------+-------+--------+
|    lrp    | 1.000 | 0.000  | 0.000 | 0.000  |
|   taylor  | 0.000 | 1.000  | 0.529 | 0.164  |
|    grad   | 0.000 | 0.529  | 1.000 | 0.205  |
|   weight  | 0.000 | 0.164  | 0.205 | 1.000  |
+-----------+-------+--------+-------+--------+

+----------+-------+--------+-------+--------+
| last-250 |  lrp  | taylor |  grad | weight |
+----------+-------+--------+-------+--------+
|   lrp    | 1.000 | 0.368  | 0.294 | 0.068  |
|  taylor  | 0.368 | 1.000  | 0.432 | 0.147  |
|   grad   | 0.294 | 0.432  | 1.000 | 0.114  |
|  weight  | 0.068 | 0.147  | 0.114 | 1.000  |
+----------+-------+--------+-------+--------+

+-----------+-------+--------+-------+--------+
| first-500 |  lrp  | taylor |  grad | weight |
+-----------+-------+--------+-------+--------+
|    lrp    | 1.000 | 0.255  | 0.256 | 0.103  |
|   taylor  | 0.255 | 1.000  | 0.793 | 0.298  |
|    grad   | 0.256 | 0.793  | 1.000 | 0.292  |
|   weight  | 0.103 | 0.298  | 0.292 | 1.000  |
+-----------+-------+--------+-------+--------+

+----------+-------+--------+-------+--------+
| last-500 |  lrp  | taylor |  grad | weight |
+----------+-------+--------+-------+--------+
|   lrp    | 1.000 | 0.512  | 0.406 | 0.204  |
|  taylor  | 0.512 | 1.000  | 0.512 | 0.269  |
|   grad   | 0.406 | 0.512  | 1.000 | 0.190  |
|  weight  | 0.204 | 0.269  | 0.190 | 1.000  |
+----------+-------+--------+-------+--------+

+------------+-------+--------+-------+--------+
| first-1000 |  lrp  | taylor |  grad | weight |
+------------+-------+--------+-------+--------+
|    lrp     | 1.000 | 0.618  | 0.596 | 0.381  |
|   taylor   | 0.618 | 1.000  | 0.776 | 0.408  |
|    grad    | 0.596 | 0.776  | 1.000 | 0.407  |
|   weight   | 0.381 | 0.408  | 0.407 | 1.000  |
+------------+-------+--------+-------+--------+

+-----------+-------+--------+-------+--------+
| last-1000 |  lrp  | taylor |  grad | weight |
+-----------+-------+--------+-------+--------+
|    lrp    | 1.000 | 0.651  | 0.535 | 0.409  |
|   taylor  | 0.651 | 1.000  | 0.653 | 0.434  |
|    grad   | 0.535 | 0.653  | 1.000 | 0.406  |
|   weight  | 0.409 | 0.434  | 0.406 | 1.000  |
+-----------+-------+--------+-------+--------+

###############################################################################################################################
# MOON N=1.0 CASE 3 CROSS-COMPARE CRITERIA, SAME RANDOM SEEDS ONLY! -> CHECK RELATIONSHIP BETWEEN CRITERIA WRT SAME DATA SOURCE
###############################################################################################################################


+----------+--------+--------+--------+--------+
| spearman |  lrp   | taylor |  grad  | weight |
+----------+--------+--------+--------+--------+
|   lrp    | 1.000  | -0.087 | -0.090 | -0.234 |
|  taylor  | -0.087 | 1.000  | 0.152  | 0.157  |
|   grad   | -0.090 | 0.152  | 1.000  | 0.075  |
|  weight  | -0.234 | 0.157  | 0.075  | 1.000  |
+----------+--------+--------+--------+--------+

+------------+--------+--------+--------+--------+
| kendalltau |  lrp   | taylor |  grad  | weight |
+------------+--------+--------+--------+--------+
|    lrp     | 1.000  | -0.057 | -0.059 | -0.156 |
|   taylor   | -0.057 | 1.000  | 0.104  | 0.104  |
|    grad    | -0.059 | 0.104  | 1.000  | 0.050  |
|   weight   | -0.156 | 0.104  | 0.050  | 1.000  |
+------------+--------+--------+--------+--------+

+-----------+-------+--------+-------+--------+
| first-125 |  lrp  | taylor |  grad | weight |
+-----------+-------+--------+-------+--------+
|    lrp    | 1.000 | 0.000  | 0.000 | 0.000  |
|   taylor  | 0.000 | 1.000  | 0.230 | 0.111  |
|    grad   | 0.000 | 0.230  | 1.000 | 0.127  |
|   weight  | 0.000 | 0.111  | 0.127 | 1.000  |
+-----------+-------+--------+-------+--------+

+----------+-------+--------+-------+--------+
| last-125 |  lrp  | taylor |  grad | weight |
+----------+-------+--------+-------+--------+
|   lrp    | 1.000 | 0.273  | 0.155 | 0.015  |
|  taylor  | 0.273 | 1.000  | 0.431 | 0.083  |
|   grad   | 0.155 | 0.431  | 1.000 | 0.081  |
|  weight  | 0.015 | 0.083  | 0.081 | 1.000  |
+----------+-------+--------+-------+--------+

+-----------+-------+--------+-------+--------+
| first-250 |  lrp  | taylor |  grad | weight |
+-----------+-------+--------+-------+--------+
|    lrp    | 1.000 | 0.000  | 0.000 | 0.000  |
|   taylor  | 0.000 | 1.000  | 0.579 | 0.164  |
|    grad   | 0.000 | 0.579  | 1.000 | 0.205  |
|   weight  | 0.000 | 0.164  | 0.205 | 1.000  |
+-----------+-------+--------+-------+--------+

+----------+-------+--------+-------+--------+
| last-250 |  lrp  | taylor |  grad | weight |
+----------+-------+--------+-------+--------+
|   lrp    | 1.000 | 0.368  | 0.293 | 0.068  |
|  taylor  | 0.368 | 1.000  | 0.495 | 0.147  |
|   grad   | 0.293 | 0.495  | 1.000 | 0.114  |
|  weight  | 0.068 | 0.147  | 0.114 | 1.000  |
+----------+-------+--------+-------+--------+

+-----------+-------+--------+-------+--------+
| first-500 |  lrp  | taylor |  grad | weight |
+-----------+-------+--------+-------+--------+
|    lrp    | 1.000 | 0.273  | 0.277 | 0.103  |
|   taylor  | 0.273 | 1.000  | 0.871 | 0.298  |
|    grad   | 0.277 | 0.871  | 1.000 | 0.292  |
|   weight  | 0.103 | 0.298  | 0.292 | 1.000  |
+-----------+-------+--------+-------+--------+

+----------+-------+--------+-------+--------+
| last-500 |  lrp  | taylor |  grad | weight |
+----------+-------+--------+-------+--------+
|   lrp    | 1.000 | 0.508  | 0.405 | 0.204  |
|  taylor  | 0.508 | 1.000  | 0.568 | 0.269  |
|   grad   | 0.405 | 0.568  | 1.000 | 0.190  |
|  weight  | 0.204 | 0.269  | 0.190 | 1.000  |
+----------+-------+--------+-------+--------+

+------------+-------+--------+-------+--------+
| first-1000 |  lrp  | taylor |  grad | weight |
+------------+-------+--------+-------+--------+
|    lrp     | 1.000 | 0.639  | 0.626 | 0.381  |
|   taylor   | 0.639 | 1.000  | 0.870 | 0.408  |
|    grad    | 0.626 | 0.870  | 1.000 | 0.407  |
|   weight   | 0.381 | 0.408  | 0.407 | 1.000  |
+------------+-------+--------+-------+--------+

+-----------+-------+--------+-------+--------+
| last-1000 |  lrp  | taylor |  grad | weight |
+-----------+-------+--------+-------+--------+
|    lrp    | 1.000 | 0.648  | 0.530 | 0.409  |
|   taylor  | 0.648 | 1.000  | 0.705 | 0.435  |
|    grad   | 0.530 | 0.705  | 1.000 | 0.406  |
|   weight  | 0.409 | 0.435  | 0.406 | 1.000  |
+-----------+-------+--------+-------+--------+

############################################################################################
# MOON N=10.0 CASE 1: SELF-COMPARE CRITERIA ACROSS RANDOM SEEDS -> CHECK PRUNING CONSISTENCY
############################################################################################


+----------+-------+--------+-------+--------+
| spearman |  lrp  | taylor |  grad | weight |
+----------+-------+--------+-------+--------+
|   lrp    | 0.152 |        |       |        |
|  taylor  |       | 0.072  |       |        |
|   grad   |       |        | 0.146 |        |
|  weight  |       |        |       | 1.000  |
+----------+-------+--------+-------+--------+

+------------+-------+--------+-------+--------+
| kendalltau |  lrp  | taylor |  grad | weight |
+------------+-------+--------+-------+--------+
|    lrp     | 0.103 |        |       |        |
|   taylor   |       | 0.048  |       |        |
|    grad    |       |        | 0.098 |        |
|   weight   |       |        |       | 1.000  |
+------------+-------+--------+-------+--------+

+-----------+-------+--------+-------+--------+
| first-125 |  lrp  | taylor |  grad | weight |
+-----------+-------+--------+-------+--------+
|    lrp    | 0.938 |        |       |        |
|   taylor  |       | 0.560  |       |        |
|    grad   |       |        | 0.552 |        |
|   weight  |       |        |       | 1.000  |
+-----------+-------+--------+-------+--------+

+----------+-------+--------+-------+--------+
| last-125 |  lrp  | taylor |  grad | weight |
+----------+-------+--------+-------+--------+
|   lrp    | 0.911 |        |       |        |
|  taylor  |       | 0.463  |       |        |
|   grad   |       |        | 0.564 |        |
|  weight  |       |        |       | 1.000  |
+----------+-------+--------+-------+--------+

+-----------+-------+--------+-------+--------+
| first-250 |  lrp  | taylor |  grad | weight |
+-----------+-------+--------+-------+--------+
|    lrp    | 0.946 |        |       |        |
|   taylor  |       | 0.920  |       |        |
|    grad   |       |        | 0.918 |        |
|   weight  |       |        |       | 1.000  |
+-----------+-------+--------+-------+--------+

+----------+-------+--------+-------+--------+
| last-250 |  lrp  | taylor |  grad | weight |
+----------+-------+--------+-------+--------+
|   lrp    | 0.926 |        |       |        |
|  taylor  |       | 0.508  |       |        |
|   grad   |       |        | 0.685 |        |
|  weight  |       |        |       | 1.000  |
+----------+-------+--------+-------+--------+

+-----------+-------+--------+-------+--------+
| first-500 |  lrp  | taylor |  grad | weight |
+-----------+-------+--------+-------+--------+
|    lrp    | 0.859 |        |       |        |
|   taylor  |       | 0.849  |       |        |
|    grad   |       |        | 0.835 |        |
|   weight  |       |        |       | 1.000  |
+-----------+-------+--------+-------+--------+

+----------+-------+--------+-------+--------+
| last-500 |  lrp  | taylor |  grad | weight |
+----------+-------+--------+-------+--------+
|   lrp    | 0.945 |        |       |        |
|  taylor  |       | 0.595  |       |        |
|   grad   |       |        | 0.761 |        |
|  weight  |       |        |       | 1.000  |
+----------+-------+--------+-------+--------+

+------------+-------+--------+-------+--------+
| first-1000 |  lrp  | taylor |  grad | weight |
+------------+-------+--------+-------+--------+
|    lrp     | 0.971 |        |       |        |
|   taylor   |       | 0.775  |       |        |
|    grad    |       |        | 0.764 |        |
|   weight   |       |        |       | 1.000  |
+------------+-------+--------+-------+--------+

+-----------+-------+--------+-------+--------+
| last-1000 |  lrp  | taylor |  grad | weight |
+-----------+-------+--------+-------+--------+
|    lrp    | 0.967 |        |       |        |
|   taylor  |       | 0.716  |       |        |
|    grad   |       |        | 0.815 |        |
|   weight  |       |        |       | 1.000  |
+-----------+-------+--------+-------+--------+

###########################################################################################################
# MOON N=10.0 CASE 2: CROSS-COMPARE CRITERIA ACROSS ALL RANDOM SEEDS -> CHECK RELATIONSHIP BETWEEN CRITERIA
###########################################################################################################


+----------+--------+--------+--------+--------+
| spearman |  lrp   | taylor |  grad  | weight |
+----------+--------+--------+--------+--------+
|   lrp    | 1.000  | -0.066 | -0.080 | -0.170 |
|  taylor  | -0.066 | 1.000  | 0.071  | 0.154  |
|   grad   | -0.080 | 0.071  | 1.000  | 0.114  |
|  weight  | -0.170 | 0.154  | 0.114  | 1.000  |
+----------+--------+--------+--------+--------+

+------------+--------+--------+--------+--------+
| kendalltau |  lrp   | taylor |  grad  | weight |
+------------+--------+--------+--------+--------+
|    lrp     | 1.000  | -0.044 | -0.053 | -0.114 |
|   taylor   | -0.044 | 1.000  | 0.047  | 0.102  |
|    grad    | -0.053 | 0.047  | 1.000  | 0.076  |
|   weight   | -0.114 | 0.102  | 0.076  | 1.000  |
+------------+--------+--------+--------+--------+

+-----------+-------+--------+-------+--------+
| first-125 |  lrp  | taylor |  grad | weight |
+-----------+-------+--------+-------+--------+
|    lrp    | 1.000 | 0.000  | 0.000 | 0.000  |
|   taylor  | 0.000 | 1.000  | 0.513 | 0.199  |
|    grad   | 0.000 | 0.513  | 1.000 | 0.214  |
|   weight  | 0.000 | 0.199  | 0.214 | 1.000  |
+-----------+-------+--------+-------+--------+

+----------+-------+--------+-------+--------+
| last-125 |  lrp  | taylor |  grad | weight |
+----------+-------+--------+-------+--------+
|   lrp    | 1.000 | 0.308  | 0.230 | 0.018  |
|  taylor  | 0.308 | 1.000  | 0.371 | 0.092  |
|   grad   | 0.230 | 0.371  | 1.000 | 0.085  |
|  weight  | 0.018 | 0.092  | 0.085 | 1.000  |
+----------+-------+--------+-------+--------+

+-----------+-------+--------+-------+--------+
| first-250 |  lrp  | taylor |  grad | weight |
+-----------+-------+--------+-------+--------+
|    lrp    | 1.000 | 0.006  | 0.006 | 0.002  |
|   taylor  | 0.006 | 1.000  | 0.920 | 0.315  |
|    grad   | 0.006 | 0.920  | 1.000 | 0.316  |
|   weight  | 0.002 | 0.315  | 0.316 | 1.000  |
+-----------+-------+--------+-------+--------+

+----------+-------+--------+-------+--------+
| last-250 |  lrp  | taylor |  grad | weight |
+----------+-------+--------+-------+--------+
|   lrp    | 1.000 | 0.362  | 0.368 | 0.083  |
|  taylor  | 0.362 | 1.000  | 0.449 | 0.151  |
|   grad   | 0.368 | 0.449  | 1.000 | 0.120  |
|  weight  | 0.083 | 0.151  | 0.120 | 1.000  |
+----------+-------+--------+-------+--------+

+-----------+-------+--------+-------+--------+
| first-500 |  lrp  | taylor |  grad | weight |
+-----------+-------+--------+-------+--------+
|    lrp    | 1.000 | 0.381  | 0.379 | 0.163  |
|   taylor  | 0.381 | 1.000  | 0.834 | 0.335  |
|    grad   | 0.379 | 0.834  | 1.000 | 0.346  |
|   weight  | 0.163 | 0.335  | 0.346 | 1.000  |
+-----------+-------+--------+-------+--------+

+----------+-------+--------+-------+--------+
| last-500 |  lrp  | taylor |  grad | weight |
+----------+-------+--------+-------+--------+
|   lrp    | 1.000 | 0.468  | 0.448 | 0.231  |
|  taylor  | 0.468 | 1.000  | 0.528 | 0.278  |
|   grad   | 0.448 | 0.528  | 1.000 | 0.204  |
|  weight  | 0.231 | 0.278  | 0.204 | 1.000  |
+----------+-------+--------+-------+--------+

+------------+-------+--------+-------+--------+
| first-1000 |  lrp  | taylor |  grad | weight |
+------------+-------+--------+-------+--------+
|    lrp     | 1.000 | 0.639  | 0.597 | 0.420  |
|   taylor   | 0.639 | 1.000  | 0.729 | 0.416  |
|    grad    | 0.597 | 0.729  | 1.000 | 0.417  |
|   weight   | 0.420 | 0.416  | 0.417 | 1.000  |
+------------+-------+--------+-------+--------+

+-----------+-------+--------+-------+--------+
| last-1000 |  lrp  | taylor |  grad | weight |
+-----------+-------+--------+-------+--------+
|    lrp    | 1.000 | 0.640  | 0.558 | 0.447  |
|   taylor  | 0.640 | 1.000  | 0.654 | 0.450  |
|    grad   | 0.558 | 0.654  | 1.000 | 0.417  |
|   weight  | 0.447 | 0.450  | 0.417 | 1.000  |
+-----------+-------+--------+-------+--------+

################################################################################################################################
# MOON N=10.0 CASE 3 CROSS-COMPARE CRITERIA, SAME RANDOM SEEDS ONLY! -> CHECK RELATIONSHIP BETWEEN CRITERIA WRT SAME DATA SOURCE
################################################################################################################################


+----------+--------+--------+--------+--------+
| spearman |  lrp   | taylor |  grad  | weight |
+----------+--------+--------+--------+--------+
|   lrp    | 1.000  | -0.061 | -0.080 | -0.170 |
|  taylor  | -0.061 | 1.000  | 0.080  | 0.154  |
|   grad   | -0.080 | 0.080  | 1.000  | 0.114  |
|  weight  | -0.170 | 0.154  | 0.114  | 1.000  |
+----------+--------+--------+--------+--------+

+------------+--------+--------+--------+--------+
| kendalltau |  lrp   | taylor |  grad  | weight |
+------------+--------+--------+--------+--------+
|    lrp     | 1.000  | -0.040 | -0.053 | -0.114 |
|   taylor   | -0.040 | 1.000  | 0.053  | 0.102  |
|    grad    | -0.053 | 0.053  | 1.000  | 0.076  |
|   weight   | -0.114 | 0.102  | 0.076  | 1.000  |
+------------+--------+--------+--------+--------+

+-----------+-------+--------+-------+--------+
| first-125 |  lrp  | taylor |  grad | weight |
+-----------+-------+--------+-------+--------+
|    lrp    | 1.000 | 0.000  | 0.000 | 0.000  |
|   taylor  | 0.000 | 1.000  | 0.567 | 0.199  |
|    grad   | 0.000 | 0.567  | 1.000 | 0.214  |
|   weight  | 0.000 | 0.199  | 0.214 | 1.000  |
+-----------+-------+--------+-------+--------+

+----------+-------+--------+-------+--------+
| last-125 |  lrp  | taylor |  grad | weight |
+----------+-------+--------+-------+--------+
|   lrp    | 1.000 | 0.309  | 0.232 | 0.018  |
|  taylor  | 0.309 | 1.000  | 0.451 | 0.092  |
|   grad   | 0.232 | 0.451  | 1.000 | 0.085  |
|  weight  | 0.018 | 0.092  | 0.085 | 1.000  |
+----------+-------+--------+-------+--------+

+-----------+-------+--------+-------+--------+
| first-250 |  lrp  | taylor |  grad | weight |
+-----------+-------+--------+-------+--------+
|    lrp    | 1.000 | 0.006  | 0.006 | 0.002  |
|   taylor  | 0.006 | 1.000  | 0.974 | 0.315  |
|    grad   | 0.006 | 0.974  | 1.000 | 0.316  |
|   weight  | 0.002 | 0.315  | 0.316 | 1.000  |
+-----------+-------+--------+-------+--------+

+----------+-------+--------+-------+--------+
| last-250 |  lrp  | taylor |  grad | weight |
+----------+-------+--------+-------+--------+
|   lrp    | 1.000 | 0.361  | 0.369 | 0.083  |
|  taylor  | 0.361 | 1.000  | 0.528 | 0.151  |
|   grad   | 0.369 | 0.528  | 1.000 | 0.120  |
|  weight  | 0.083 | 0.151  | 0.120 | 1.000  |
+----------+-------+--------+-------+--------+

+-----------+-------+--------+-------+--------+
| first-500 |  lrp  | taylor |  grad | weight |
+-----------+-------+--------+-------+--------+
|    lrp    | 1.000 | 0.382  | 0.381 | 0.163  |
|   taylor  | 0.382 | 1.000  | 0.911 | 0.335  |
|    grad   | 0.381 | 0.911  | 1.000 | 0.346  |
|   weight  | 0.163 | 0.335  | 0.346 | 1.000  |
+-----------+-------+--------+-------+--------+

+----------+-------+--------+-------+--------+
| last-500 |  lrp  | taylor |  grad | weight |
+----------+-------+--------+-------+--------+
|   lrp    | 1.000 | 0.468  | 0.448 | 0.231  |
|  taylor  | 0.468 | 1.000  | 0.599 | 0.278  |
|   grad   | 0.448 | 0.599  | 1.000 | 0.204  |
|  weight  | 0.231 | 0.278  | 0.204 | 1.000  |
+----------+-------+--------+-------+--------+

+------------+-------+--------+-------+--------+
| first-1000 |  lrp  | taylor |  grad | weight |
+------------+-------+--------+-------+--------+
|    lrp     | 1.000 | 0.636  | 0.595 | 0.420  |
|   taylor   | 0.636 | 1.000  | 0.816 | 0.416  |
|    grad    | 0.595 | 0.816  | 1.000 | 0.417  |
|   weight   | 0.420 | 0.416  | 0.417 | 1.000  |
+------------+-------+--------+-------+--------+

+-----------+-------+--------+-------+--------+
| last-1000 |  lrp  | taylor |  grad | weight |
+-----------+-------+--------+-------+--------+
|    lrp    | 1.000 | 0.639  | 0.557 | 0.447  |
|   taylor  | 0.639 | 1.000  | 0.714 | 0.450  |
|    grad   | 0.557 | 0.714  | 1.000 | 0.417  |
|   weight  | 0.447 | 0.450  | 0.417 | 1.000  |
+-----------+-------+--------+-------+--------+

#############################################################################################
# MOON N=100.0 CASE 1: SELF-COMPARE CRITERIA ACROSS RANDOM SEEDS -> CHECK PRUNING CONSISTENCY
#############################################################################################


+----------+-------+--------+-------+--------+
| spearman |  lrp  | taylor |  grad | weight |
+----------+-------+--------+-------+--------+
|   lrp    | 0.170 |        |       |        |
|  taylor  |       | 0.071  |       |        |
|   grad   |       |        | 0.126 |        |
|  weight  |       |        |       | 1.000  |
+----------+-------+--------+-------+--------+

+------------+-------+--------+-------+--------+
| kendalltau |  lrp  | taylor |  grad | weight |
+------------+-------+--------+-------+--------+
|    lrp     | 0.116 |        |       |        |
|   taylor   |       | 0.047  |       |        |
|    grad    |       |        | 0.084 |        |
|   weight   |       |        |       | 1.000  |
+------------+-------+--------+-------+--------+

+-----------+-------+--------+-------+--------+
| first-125 |  lrp  | taylor |  grad | weight |
+-----------+-------+--------+-------+--------+
|    lrp    | 0.992 |        |       |        |
|   taylor  |       | 0.610  |       |        |
|    grad   |       |        | 0.609 |        |
|   weight  |       |        |       | 1.000  |
+-----------+-------+--------+-------+--------+

+----------+-------+--------+-------+--------+
| last-125 |  lrp  | taylor |  grad | weight |
+----------+-------+--------+-------+--------+
|   lrp    | 0.979 |        |       |        |
|  taylor  |       | 0.472  |       |        |
|   grad   |       |        | 0.565 |        |
|  weight  |       |        |       | 1.000  |
+----------+-------+--------+-------+--------+

+-----------+-------+--------+-------+--------+
| first-250 |  lrp  | taylor |  grad | weight |
+-----------+-------+--------+-------+--------+
|    lrp    | 0.970 |        |       |        |
|   taylor  |       | 0.975  |       |        |
|    grad   |       |        | 0.971 |        |
|   weight  |       |        |       | 1.000  |
+-----------+-------+--------+-------+--------+

+----------+-------+--------+-------+--------+
| last-250 |  lrp  | taylor |  grad | weight |
+----------+-------+--------+-------+--------+
|   lrp    | 0.981 |        |       |        |
|  taylor  |       | 0.543  |       |        |
|   grad   |       |        | 0.683 |        |
|  weight  |       |        |       | 1.000  |
+----------+-------+--------+-------+--------+

+-----------+-------+--------+-------+--------+
| first-500 |  lrp  | taylor |  grad | weight |
+-----------+-------+--------+-------+--------+
|    lrp    | 0.904 |        |       |        |
|   taylor  |       | 0.873  |       |        |
|    grad   |       |        | 0.848 |        |
|   weight  |       |        |       | 1.000  |
+-----------+-------+--------+-------+--------+

+----------+-------+--------+-------+--------+
| last-500 |  lrp  | taylor |  grad | weight |
+----------+-------+--------+-------+--------+
|   lrp    | 0.984 |        |       |        |
|  taylor  |       | 0.627  |       |        |
|   grad   |       |        | 0.763 |        |
|  weight  |       |        |       | 1.000  |
+----------+-------+--------+-------+--------+

+------------+-------+--------+-------+--------+
| first-1000 |  lrp  | taylor |  grad | weight |
+------------+-------+--------+-------+--------+
|    lrp     | 0.991 |        |       |        |
|   taylor   |       | 0.787  |       |        |
|    grad    |       |        | 0.799 |        |
|   weight   |       |        |       | 1.000  |
+------------+-------+--------+-------+--------+

+-----------+-------+--------+-------+--------+
| last-1000 |  lrp  | taylor |  grad | weight |
+-----------+-------+--------+-------+--------+
|    lrp    | 0.989 |        |       |        |
|   taylor  |       | 0.734  |       |        |
|    grad   |       |        | 0.825 |        |
|   weight  |       |        |       | 1.000  |
+-----------+-------+--------+-------+--------+

############################################################################################################
# MOON N=100.0 CASE 2: CROSS-COMPARE CRITERIA ACROSS ALL RANDOM SEEDS -> CHECK RELATIONSHIP BETWEEN CRITERIA
############################################################################################################


+----------+--------+--------+--------+--------+
| spearman |  lrp   | taylor |  grad  | weight |
+----------+--------+--------+--------+--------+
|   lrp    | 1.000  | -0.064 | -0.078 | -0.162 |
|  taylor  | -0.064 | 1.000  | 0.072  | 0.156  |
|   grad   | -0.078 | 0.072  | 1.000  | 0.124  |
|  weight  | -0.162 | 0.156  | 0.124  | 1.000  |
+----------+--------+--------+--------+--------+

+------------+--------+--------+--------+--------+
| kendalltau |  lrp   | taylor |  grad  | weight |
+------------+--------+--------+--------+--------+
|    lrp     | 1.000  | -0.043 | -0.052 | -0.108 |
|   taylor   | -0.043 | 1.000  | 0.048  | 0.104  |
|    grad    | -0.052 | 0.048  | 1.000  | 0.083  |
|   weight   | -0.108 | 0.104  | 0.083  | 1.000  |
+------------+--------+--------+--------+--------+

+-----------+-------+--------+-------+--------+
| first-125 |  lrp  | taylor |  grad | weight |
+-----------+-------+--------+-------+--------+
|    lrp    | 1.000 | 0.000  | 0.000 | 0.000  |
|   taylor  | 0.000 | 1.000  | 0.595 | 0.231  |
|    grad   | 0.000 | 0.595  | 1.000 | 0.234  |
|   weight  | 0.000 | 0.231  | 0.234 | 1.000  |
+-----------+-------+--------+-------+--------+

+----------+-------+--------+-------+--------+
| last-125 |  lrp  | taylor |  grad | weight |
+----------+-------+--------+-------+--------+
|   lrp    | 1.000 | 0.295  | 0.232 | 0.020  |
|  taylor  | 0.295 | 1.000  | 0.379 | 0.094  |
|   grad   | 0.232 | 0.379  | 1.000 | 0.087  |
|  weight  | 0.020 | 0.094  | 0.087 | 1.000  |
+----------+-------+--------+-------+--------+

+-----------+-------+--------+-------+--------+
| first-250 |  lrp  | taylor |  grad | weight |
+-----------+-------+--------+-------+--------+
|    lrp    | 1.000 | 0.016  | 0.016 | 0.005  |
|   taylor  | 0.016 | 1.000  | 0.972 | 0.318  |
|    grad   | 0.016 | 0.972  | 1.000 | 0.317  |
|   weight  | 0.005 | 0.318  | 0.317 | 1.000  |
+-----------+-------+--------+-------+--------+

+----------+-------+--------+-------+--------+
| last-250 |  lrp  | taylor |  grad | weight |
+----------+-------+--------+-------+--------+
|   lrp    | 1.000 | 0.344  | 0.361 | 0.085  |
|  taylor  | 0.344 | 1.000  | 0.454 | 0.162  |
|   grad   | 0.361 | 0.454  | 1.000 | 0.127  |
|  weight  | 0.085 | 0.162  | 0.127 | 1.000  |
+----------+-------+--------+-------+--------+

+-----------+-------+--------+-------+--------+
| first-500 |  lrp  | taylor |  grad | weight |
+-----------+-------+--------+-------+--------+
|    lrp    | 1.000 | 0.385  | 0.383 | 0.166  |
|   taylor  | 0.385 | 1.000  | 0.843 | 0.334  |
|    grad   | 0.383 | 0.843  | 1.000 | 0.340  |
|   weight  | 0.166 | 0.334  | 0.340 | 1.000  |
+-----------+-------+--------+-------+--------+

+----------+-------+--------+-------+--------+
| last-500 |  lrp  | taylor |  grad | weight |
+----------+-------+--------+-------+--------+
|   lrp    | 1.000 | 0.473  | 0.451 | 0.233  |
|  taylor  | 0.473 | 1.000  | 0.542 | 0.288  |
|   grad   | 0.451 | 0.542  | 1.000 | 0.216  |
|  weight  | 0.233 | 0.288  | 0.216 | 1.000  |
+----------+-------+--------+-------+--------+

+------------+-------+--------+-------+--------+
| first-1000 |  lrp  | taylor |  grad | weight |
+------------+-------+--------+-------+--------+
|    lrp     | 1.000 | 0.651  | 0.609 | 0.420  |
|   taylor   | 0.651 | 1.000  | 0.756 | 0.420  |
|    grad    | 0.609 | 0.756  | 1.000 | 0.421  |
|   weight   | 0.420 | 0.420  | 0.421 | 1.000  |
+------------+-------+--------+-------+--------+

+-----------+-------+--------+-------+--------+
| last-1000 |  lrp  | taylor |  grad | weight |
+-----------+-------+--------+-------+--------+
|    lrp    | 1.000 | 0.651  | 0.575 | 0.449  |
|   taylor  | 0.651 | 1.000  | 0.675 | 0.455  |
|    grad   | 0.575 | 0.675  | 1.000 | 0.425  |
|   weight  | 0.449 | 0.455  | 0.425 | 1.000  |
+-----------+-------+--------+-------+--------+

#################################################################################################################################
# MOON N=100.0 CASE 3 CROSS-COMPARE CRITERIA, SAME RANDOM SEEDS ONLY! -> CHECK RELATIONSHIP BETWEEN CRITERIA WRT SAME DATA SOURCE
#################################################################################################################################


+----------+--------+--------+--------+--------+
| spearman |  lrp   | taylor |  grad  | weight |
+----------+--------+--------+--------+--------+
|   lrp    | 1.000  | -0.065 | -0.075 | -0.162 |
|  taylor  | -0.065 | 1.000  | 0.077  | 0.156  |
|   grad   | -0.075 | 0.077  | 1.000  | 0.124  |
|  weight  | -0.162 | 0.156  | 0.124  | 1.000  |
+----------+--------+--------+--------+--------+

+------------+--------+--------+--------+--------+
| kendalltau |  lrp   | taylor |  grad  | weight |
+------------+--------+--------+--------+--------+
|    lrp     | 1.000  | -0.043 | -0.050 | -0.108 |
|   taylor   | -0.043 | 1.000  | 0.051  | 0.104  |
|    grad    | -0.050 | 0.051  | 1.000  | 0.083  |
|   weight   | -0.108 | 0.104  | 0.083  | 1.000  |
+------------+--------+--------+--------+--------+

+-----------+-------+--------+-------+--------+
| first-125 |  lrp  | taylor |  grad | weight |
+-----------+-------+--------+-------+--------+
|    lrp    | 1.000 | 0.000  | 0.000 | 0.000  |
|   taylor  | 0.000 | 1.000  | 0.611 | 0.231  |
|    grad   | 0.000 | 0.611  | 1.000 | 0.234  |
|   weight  | 0.000 | 0.231  | 0.234 | 1.000  |
+-----------+-------+--------+-------+--------+

+----------+-------+--------+-------+--------+
| last-125 |  lrp  | taylor |  grad | weight |
+----------+-------+--------+-------+--------+
|   lrp    | 1.000 | 0.294  | 0.232 | 0.020  |
|  taylor  | 0.294 | 1.000  | 0.464 | 0.094  |
|   grad   | 0.232 | 0.464  | 1.000 | 0.087  |
|  weight  | 0.020 | 0.094  | 0.087 | 1.000  |
+----------+-------+--------+-------+--------+

+-----------+-------+--------+-------+--------+
| first-250 |  lrp  | taylor |  grad | weight |
+-----------+-------+--------+-------+--------+
|    lrp    | 1.000 | 0.016  | 0.016 | 0.005  |
|   taylor  | 0.016 | 1.000  | 0.986 | 0.318  |
|    grad   | 0.016 | 0.986  | 1.000 | 0.317  |
|   weight  | 0.005 | 0.318  | 0.317 | 1.000  |
+-----------+-------+--------+-------+--------+

+----------+-------+--------+-------+--------+
| last-250 |  lrp  | taylor |  grad | weight |
+----------+-------+--------+-------+--------+
|   lrp    | 1.000 | 0.345  | 0.360 | 0.085  |
|  taylor  | 0.345 | 1.000  | 0.529 | 0.162  |
|   grad   | 0.360 | 0.529  | 1.000 | 0.127  |
|  weight  | 0.085 | 0.162  | 0.127 | 1.000  |
+----------+-------+--------+-------+--------+

+-----------+-------+--------+-------+--------+
| first-500 |  lrp  | taylor |  grad | weight |
+-----------+-------+--------+-------+--------+
|    lrp    | 1.000 | 0.385  | 0.382 | 0.166  |
|   taylor  | 0.385 | 1.000  | 0.887 | 0.334  |
|    grad   | 0.382 | 0.887  | 1.000 | 0.340  |
|   weight  | 0.166 | 0.334  | 0.340 | 1.000  |
+-----------+-------+--------+-------+--------+

+----------+-------+--------+-------+--------+
| last-500 |  lrp  | taylor |  grad | weight |
+----------+-------+--------+-------+--------+
|   lrp    | 1.000 | 0.473  | 0.451 | 0.233  |
|  taylor  | 0.473 | 1.000  | 0.599 | 0.288  |
|   grad   | 0.451 | 0.599  | 1.000 | 0.216  |
|  weight  | 0.233 | 0.288  | 0.216 | 1.000  |
+----------+-------+--------+-------+--------+

+------------+-------+--------+-------+--------+
| first-1000 |  lrp  | taylor |  grad | weight |
+------------+-------+--------+-------+--------+
|    lrp     | 1.000 | 0.651  | 0.608 | 0.420  |
|   taylor   | 0.651 | 1.000  | 0.819 | 0.420  |
|    grad    | 0.608 | 0.819  | 1.000 | 0.421  |
|   weight   | 0.420 | 0.420  | 0.421 | 1.000  |
+------------+-------+--------+-------+--------+

+-----------+-------+--------+-------+--------+
| last-1000 |  lrp  | taylor |  grad | weight |
+-----------+-------+--------+-------+--------+
|    lrp    | 1.000 | 0.650  | 0.575 | 0.449  |
|   taylor  | 0.650 | 1.000  | 0.725 | 0.455  |
|    grad   | 0.575 | 0.725  | 1.000 | 0.425  |
|   weight  | 0.449 | 0.455  | 0.425 | 1.000  |
+-----------+-------+--------+-------+--------+

############################################################################################
# MOON N=20.0 CASE 1: SELF-COMPARE CRITERIA ACROSS RANDOM SEEDS -> CHECK PRUNING CONSISTENCY
############################################################################################


+----------+-------+--------+-------+--------+
| spearman |  lrp  | taylor |  grad | weight |
+----------+-------+--------+-------+--------+
|   lrp    | 0.155 |        |       |        |
|  taylor  |       | 0.081  |       |        |
|   grad   |       |        | 0.156 |        |
|  weight  |       |        |       | 1.000  |
+----------+-------+--------+-------+--------+

+------------+-------+--------+-------+--------+
| kendalltau |  lrp  | taylor |  grad | weight |
+------------+-------+--------+-------+--------+
|    lrp     | 0.105 |        |       |        |
|   taylor   |       | 0.055  |       |        |
|    grad    |       |        | 0.104 |        |
|   weight   |       |        |       | 1.000  |
+------------+-------+--------+-------+--------+

+-----------+-------+--------+-------+--------+
| first-125 |  lrp  | taylor |  grad | weight |
+-----------+-------+--------+-------+--------+
|    lrp    | 0.977 |        |       |        |
|   taylor  |       | 0.574  |       |        |
|    grad   |       |        | 0.594 |        |
|   weight  |       |        |       | 1.000  |
+-----------+-------+--------+-------+--------+

+----------+-------+--------+-------+--------+
| last-125 |  lrp  | taylor |  grad | weight |
+----------+-------+--------+-------+--------+
|   lrp    | 0.952 |        |       |        |
|  taylor  |       | 0.475  |       |        |
|   grad   |       |        | 0.594 |        |
|  weight  |       |        |       | 1.000  |
+----------+-------+--------+-------+--------+

+-----------+-------+--------+-------+--------+
| first-250 |  lrp  | taylor |  grad | weight |
+-----------+-------+--------+-------+--------+
|    lrp    | 0.962 |        |       |        |
|   taylor  |       | 0.957  |       |        |
|    grad   |       |        | 0.952 |        |
|   weight  |       |        |       | 1.000  |
+-----------+-------+--------+-------+--------+

+----------+-------+--------+-------+--------+
| last-250 |  lrp  | taylor |  grad | weight |
